Dklaao:wq
33333333

33333333

33333333

33333333

33333333

33333333

33333333

33333333

33333333

33333333

33333333

33333333

33333333

33333333

33333333

33333333

33333333

33333333

33333333

33333333

33333333

33333333

33333333

33333333

33333333

33333333

33333333

33333333

33333333

33333333

33333333

33333333

33333333

33333333

33333333

33333333

33333333

33333333

33333333

33333333

33333333

33333333

33333333

33333333

33333333

33333333

33333333

33333333

33333333

33333333

33333333

33333333

33333333

33333333

33333333

33333333

33333333

33333333

33333333

33333333

33333333

33333333

33333333

33333333

33333333

33333333

33333333

33333333

33333333

33333333

33333333

33333333

33333333

33333333

33333333

33333333

33333333

33333333

33333333

33333333

33333333

33333333

33333333

33333333

33333333

33333333

33333333

33333333

33333333

33333333

33333333

33333333

33333333

33333333

33333333

33333333

33333333

33333333

33333333

33333333

33333333

33333333

33333333

33333333

33333333

33333333

33333333

33333333

33333333

33333333

33333333

33333333

33333333

33333333

33333333

33333333

33333333

33333333

33333333

33333333

33333333

33333333

33333333

33333333

33333333

33333333

33333333

33333333

33333333

33333333

33333333

33333333

33333333

33333333

33333333

33333333

33333333

33333333

33333333

33333333

33333333

33333333

33333333

33333333

33333333

33333333

33333333

33333333

33333333

33333333

33333333

33333333

33333333

33333333

33333333

33333333

33333333

33333333

33333333

33333333

33333333

33333333

33333333

33333333

33333333

33333333

33333333

33333333

33333333

33333333

33333333

33333333

33333333

33333333

33333333

33333333

33333333

33333333

33333333

33333333

33333333

33333333

33333333

33333333

33333333

33333333

33333333

33333333

33333333

33333333

33333333

33333333

33333333

33333333

33333333

33333333

33333333

33333333

33333333

33333333

33333333

33333333

33333333

33333333

33333333

33333333

33333333

33333333

33333333

33333333

33333333

33333333

33333333

33333333

33333333

33333333

33333333

33333333

33333333

33333333

33333333

33333333

33333333

33333333

33333333

33333333

33333333

33333333

33333333

33333333

33333333

33333333

33333333

33333333

33333333

33333333

33333333

33333333

33333333

33333333

33333333

33333333

33333333

33333333

33333333

33333333

33333333

33333333

33333333

33333333

33333333

33333333

33333333

33333333

33333333

33333333

33333333

33333333

33333333

33333333

33333333

33333333

33333333

33333333

33333333

33333333

33333333

33333333

33333333

33333333

33333333

33333333

33333333

33333333

33333333

33333333

33333333

33333333

33333333

33333333

33333333

33333333

33333333

33333333

33333333

33333333

33333333

33333333

33333333

33333333

33333333

33333333

33333333

33333333

33333333

33333333

33333333

33333333

33333333

33333333

33333333

33333333

33333333

33333333

33333333

33333333

33333333

33333333

33333333

33333333

33333333

33333333

33333333

33333333

33333333

33333333

33333333

33333333

33333333

33333333

33333333

33333333

33333333

33333333

33333333

33333333

33333333

33333333

33333333

33333333

33333333

33333333

33333333

:wq
jhhhhhhhhhhhhllasssd
hjjhh
dvfgfggfkgghklg
glghlglhlhlgg
;;ff;g;fgf
sssssss
A
B
A:
B
Ahh
A
lfglflggf;l;g
